vQ$^@gWnUS, 33.9847, 97.5902, 30.633
2G4NYK5^*$, 60.8135, 5.59327, 35.0336
xNs8wEA!i6, 8.42813, 23.7217, 48.7064
aBEcUl#NZH, 88.7125, 73.5291, 56.3425
05GAAHeJyw, 17.8043, 32.4281, 49.9572
&JxiFrW504, 82.8012, 75.896, 87.2018
SvbAvG1845, 45.5352, 30.685, 46.5933
$kol%p$%c$, 96.5963, 91.3119, 57.3914
#5QYVvzgdF, 4.34557, 69.2813, 74.6514
R!WTk1IrN5, 56.8777, 12.1988, 100.098
f2JevJmJH#, 78.9786, 50.9969, 63.1132
^y&AwY^xrS, 0.889908, 0.143731, 94.3425
#PT&X3arTd, 84.7492, 52.0092, 70.9725
n3san&Vx0s, 92.9113, 52.9052, 9.30887
PcIuuRKYV0, 98.581, 23.0642, 8.28746
DLbaMgMLjr, 58.5382, 93.9541, 49.3609
cY*D9XIFQp, 12.2324, 34.2294, 84.4037
78^%JKJe8*, 94.1254, 48.8073, 27.841
9NanWWXKoz, 7.88685, 97.9266, 94.4954
qD1MB2zscp, 70.1346, 57.4037, 51.7706
Kp0M4u2O!w, 91.5994, 78.422, 53.2049
QfeQ&hmXmG, 2.25076, 42.8624, 71.7034
!Xie4@JEXu, 33.8716, 74.0275, 39.474
Z%n5qcHV9w, 79.6177, 85.9541, 86.5321
tYpIepvK%H, 98.4373, 53.6636, 26.8991
k7UmXkSUup, 63.211, 86.8593, 71.8838
XSaVb4Jv3m, 57.2477, 65.9847, 78.7278
LpQzvi2eG8, 0.0856269, 16.841, 58.5627
$fAgj^j5tq, 76.633, 11.3333, 53.7829
czEXYC5Evp, 39.2905, 12.104, 23.4985
zYy*Gttu8x, 33.5291, 5.53823, 70.2813
@UcbAWa!KD, 22.6453, 18.9388, 90.5107
RRIdRnqxyS, 98.7859, 64.6453, 53.7798
Q4GyfX%#Oy, 51.4006, 21.5229, 75.8257
Jm#qyQz3O^, 17.3425, 32.0061, 39.3272
kcjCbv!S$3, 7.75841, 26.3242, 80.1682
4h72R6PSQy, 32.2783, 50.7615, 42.9878
wnAtE6kf8^, 73.4709, 14.5015, 15.0398
84d2fqpqIT, 56.2324, 71.9083, 49.0061
NCoO!9JU8E, 16.6177, 60.5749, 98.8685
tt%5*9IF%b, 3.10398, 5.71254, 24.1407
jdswdIk&iz, 61.1284, 14.9817, 46.7034
TDMD^nJJpd, 69.7523, 63.844, 39.3089
pDA#Nw$FZn, 81.7829, 29.5474, 55.7309
PzaxWFDKRZ, 94.9908, 27.3089, 9.56881
Gj%b3qSW&y, 41.4679, 14.9419, 25.2355
i*KXmmf%72, 80.2936, 30.1468, 25.4832
0XMF81&oW^, 71.945, 45.3792, 8.7737
7Bj$&TNYN*, 76.1621, 55.2661, 92.0979
jEd4PBjCqL, 41.7064, 0.495413, 39.5168
c0clEwXG@A, 9.57798, 48.5168, 95.4648
YK^69$d$CY, 54.8104, 49.8349, 48.7737
pAKQcGVXC0, 96.2477, 47.6544, 28.4434
ACZo!y8&jc, 85.3823, 76.0336, 2.86544
#iNEtC7xyY, 8.53517, 26.5596, 96.682
i4#vzX$yva, 8.8104, 90.4434, 34.5596
UqCPkd#7ix, 39.1927, 80.8257, 54.2355
TU4KRomkRZ, 33.7523, 50.737, 54.2783
j4Q9cZdj!y, 33.4006, 33.9358, 55.0581
BQUIUFV$Jc, 89.2905, 35.4985, 9.61774
Z%9pgdOYf9, 78.0887, 50.2722, 90.4404
cLJeUlH%XY, 1.97859, 6.21407, 20.4159
dj^cCFUOe6, 36.6391, 92.9602, 14.0917
eGgvJHCV8e, 99.5107, 71.318, 75.5688
9N9RRIBy2U, 17.5352, 2.66667, 62.4434
fsdG1NNz7f, 25.5535, 7.10092, 45.8135
iV@fgcw5q@, 86.7523, 82.1162, 36.1865
PMFI%%YBMR, 73.4832, 68.4985, 51.3364
@9^*smy0&F, 69.5994, 75.1223, 94.8471
oV5zw1PSfk, 7.16514, 72.5443, 39.6086
kcy&jqf19%, 82.0336, 56.2691, 56.2324
FEXftVtdz9, 19.8135, 62.3547, 98.578
rYwNLprI0$, 47.841, 69.789, 96.6239
C$GiPL&uFj, 22.3333, 73.5107, 46.2508
@0G0ZczyeM, 75.8899, 34.7095, 28.9174
4g#I@VA9Y4, 32.0795, 34.4557, 36.7798
HYdd8fTCA5, 26.2385, 44.8502, 4.82263
9ONs@U&ZE^, 9.88073, 72.6177, 90.2905
*Jdj6KiX1G, 77.0887, 61.844, 59.8502
^uDzce$Z7i, 17.3884, 38.0581, 31.7187
r04mVw*qTB, 48.7095, 46.107, 1.11315
E9bDro96KL, 27.8563, 69.9541, 99.685
dyJPWzVeMR, 41.9817, 92.7125, 60.0673
i7pA19&13&, 48.2936, 56.7462, 80.0306
@N7OXxD#EB, 32.208, 59.5291, 65.4098
ln9k2yKPgT, 0.779817, 72.4251, 61.0061
7hq#y!#*m1, 24.2966, 7.08563, 16.8685
NSa!4D$p2!, 88.6086, 37.8746, 71.7645
Wwsk#mPHeb, 54.367, 12.526, 84.7492
y04oFAoy84, 38.5688, 51.3395, 8.89602
EJwwpmb9fM, 97.2997, 5.8104, 19.8135
Zor!Lm39zF, 98.3089, 91.3731, 58.2477
4cjb30KqUK, 64.419, 2.48318, 82.1437
P8B3eC7dss, 52.6453, 4.33333, 3.15596
rGRtA&jvcw, 13.893, 89.8287, 32.4801
1@kGKTqn#x, 69.7676, 92.9908, 1.85015
ngwXNcSnMA, 9.95413, 79.2171, 80.0367
DQwB0jUUUJ, 50.2324, 87.1254, 96.6973
!8rL2rwiad, 23.2171, 77.9817, 51.9388
^bRrN#ff8F, 98.6116, 85.4893, 37.9786
DZ1ld!0CaO, 19.5046, 60.5199, 64.9388
^fZgV9TBrl, 32.6636, 29.1804, 46.8287
X#6H7DDWUx, 3.48012, 66.581, 45.2966
t2*ZRFij04, 41.422, 15.3547, 24.8349
^ylRtIWyz2, 30.2569, 10.2324, 68.9021
c*Je%LGE9Y, 77.1254, 3.34862, 75.8654
kHpfbBqKnu, 33.1254, 81.2416, 4.66361
axy5cjdo4@, 66.1101, 98.367, 12.4709
cgjZZFUeUW, 3.87462, 54.1651, 32.7829
1XQfhRvv3A, 28.7034, 59.1101, 28.5474
de%QC2Dghn, 61.107, 26.3853, 10.9174
dGMFrHn*gl, 43.8287, 50.9786, 5.88073
%7hfazmLn2, 19.6361, 63.1468, 68.159
667Y&VYEU&, 83.5321, 89.1835, 35.945
vc*fl9h*Qs, 94.844, 85.9021, 46.3609
*Z8Vntkl*N, 90.3425, 84.1376, 52.4006
eY$DtbszYO, 85.1407, 83.1437, 81.4373
cpz7ZqQrrc, 86.6697, 44.4832, 33.4098
WR6o6Sr1!O, 69.7309, 74.9327, 47.9327
0@CTtWVtUI, 5.30275, 92.7676, 30.2477
XVOQ0gZmC1, 56.0153, 37.4648, 78.4373
l4TDx8evH@, 27.9694, 62.37, 39.682
IezueT9dS%, 17.1346, 0.620795, 41.2232
Y8gYMif3T@, 17.5688, 37.7951, 68.2569
HE9Ak#OZX#, 5.99083, 82.1162, 12.7676
u4K4yl^*cn, 60.5749, 22.8257, 47.8838
2ctCj0QU@M, 95.5688, 31.1988, 45.3272
IGiXI00yaQ, 83.948, 58.2446, 71.7492
9QA2$@g%PZ, 35.844, 39.1009, 95.5291
mnab8xPDl5, 20.1621, 1.21407, 32.5902
eN%q@*1!^J, 99.8838, 26.8624, 89.8349
SbeE44m23v, 49.3028, 3.43119, 86.3089
0P&#@u#W^x, 62.9602, 90.3609, 28.7339
TiIr5*EcZw, 76.3945, 29.9541, 25.9633
s@b*AMYVuU, 17.3884, 38.4771, 33.9419
zavUINu&&N, 19.8165, 29.2966, 74.5566
UfXt88#EXe, 83.1682, 54.8868, 84.1743
E9Z8r%eRa5, 89.7034, 36.5413, 65.7003
8#!1c1s@IL, 43.156, 23.5994, 30.0826
32nBzIYn3Q, 50.6208, 44.8654, 36.0581
RQdgFlAbhS, 43.6789, 32.9633, 85.156
BzccJj&Wxn, 6.36697, 73.7676, 68.0428
b&N4^Thg$w, 20.1376, 85.6544, 19.3272
BOu43&iz*8, 2.74618, 53.7309, 47.5382
wfrFbFZbpI, 19.2049, 40.6483, 14.4618
x&cbxfcN2D, 67.4434, 6.05199, 29.7554
LH4H6%9oSn, 23.2599, 87.0214, 2.79817
&dmCisbsPv, 73.526, 78.4985, 51.2446
C^^dgCbuEw, 30.4862, 15.578, 9.51988
!5wFYRgC9R, 58.107, 70.4281, 11.107
y4yAqx#Z3N, 48.8654, 42.0398, 77.6575
!FCMEWNk5s, 49.5627, 9.42508, 70.9144
PKdrD1x^JJ, 97.0979, 21.7951, 61.0612
YHiEUrOx8D, 80.6575, 73.1835, 3.20183
R2Hp5n5ZQ#, 27.7003, 40.5015, 77.9205
kJ17PBlqy!, 91.1621, 69.4373, 81.9419
wmysBofNV3, 64.2018, 30.4495, 82.263
#GO3v9fpID, 73.5443, 43.6116, 33.4709
S#DLK6P^t%, 26.7615, 5.36391, 13.2202
6h4zL6%9jO, 95.2997, 32.1774, 14.8135
Ouz7BHs#%G, 95.7248, 6.03976, 63.4373
w69Vuzz5Ux, 58.6728, 5.68502, 11.4648
WCM6@o*1i1, 54.419, 39.367, 43.5229
vaTjfk6DL3, 45.1713, 89.8012, 20.208
CJaon6hRXQ, 70.9144, 75.8043, 77.3639
LjTR33u2C*, 42.8716, 85.7492, 69.6055
q&dwUHYwc9, 35.6147, 61.0336, 80.6086
sVmr8PqcV%, 96.9174, 4.10092, 72.0183
NeUZOfpP6l, 79.4771, 8.84098, 50.7706
%LknU@4DqY, 52.6514, 19.9664, 99.3547
pmQFQDXQWg, 73.0275, 85.9021, 59.107
RvgLj6Rzt^, 5.79205, 38.8654, 38.6728
YOwIA^AP3j, 51.8257, 87.3517, 69.1009
rLr9ugSsof, 29.792, 81.2905, 39.1162
4Wdzf2uZqj, 57.841, 53.9388, 66.0245
eU5z#pgTTE, 49.3639, 6.5107, 0.535168
fIJSIMe7#B, 18.1774, 91.367, 27.8349
P5MH0xn@jv, 66.9052, 84.7034, 15.1774
6LigGiPd&G, 48.7125, 57.9266, 68.8532
noVQxMCvD0, 43.8685, 27.0367, 39.789
Fnoh8ki@MV, 35.1193, 82.7156, 98.9266
5AuRp8^633, 9.06422, 93.8165, 88.263
AkgH$%hqlf, 81.7951, 74.2049, 34.5352
bjvnEN!MAw, 14.1407, 33.792, 82.2263
6WVOD$QJHO, 70.8777, 10.1621, 23.9358
^mh@O2c0Nl, 2.89908, 88.7951, 9.66972
wTLzkZNeie, 28.7156, 50.5229, 79.1437
Q88AUPpL7H, 15.159, 20.8379, 19.4771
vWPbpL%$up, 90.4281, 17.7859, 5.19878
D!#MiKcF&Z, 17.208, 14.1682, 42.3395
w&BXkvvAD8, 69.2783, 53.6422, 37.6636
UwxGmxNlzn, 60.2018, 70.4985, 89.7982
HchoX59nF0, 30.3976, 81.8287, 4.04281
OOr9OKOkm7, 16.6483, 71.893, 44.104
LnHBN4mkzR, 91.0734, 28.8196, 97.8868
HMnlHt^4I^, 58.6391, 51.5352, 42.4648
@q8G9lAcji, 5.12538, 56.419, 16.9969
VdpeThdAHk, 15.107, 72.8012, 73.0734
A^YBwLSy3r, 85.8746, 76.1468, 84.0398
gtO@9Vgo*f, 16.945, 30.6972, 70.0795
